function coeff = getNormalizedPrincipalComponents( dataStr, onlyMasterCellFile )
% this function returns the principal components of all cells
% in the last time step; this is required in order to get a fixed
% viewing direction into the single time steps of a data set when
% generating a movie
% at the moment, these are set manually -> TODO: automatic approach
if onlyMasterCellFile == 1
  if strcmp( dataStr, '120830_raw' )
    coeff = [ 0.999914887395616 -0.0058957309580045 0.0116386563263521;...
      -0.00271799230735656 0.778366387910019 0.627804411174154;...
       -0.0127605047874 -0.627782610884038 0.778284114568189 ];
  elseif strcmp( dataStr, '121204_raw_2014' )
    coeff = [ 0.991893870352972 0.0517293583799295 0.116063014943621;...
      -0.126183413135714 0.508634689870055 0.851685680583051;...
       0.0149765218132975 0.859427033402135 -0.511039018130692 ];
  elseif strcmp( dataStr, '121211_raw' )
    coeff = [ 0.99298480929316 -0.0540951325348019 0.105142213925093;...
      -0.117754279503161 -0.533092269441942 0.837822512182582;...
      -0.0107283815983203 0.844325973127253 0.535722458863727 ];
  elseif strcmp( dataStr, '130508_raw' )
    coeff = [ 0.934570424854839 0.352556101539047 0.0477735936918541;...
      -0.355493965669713 0.930733021302711 0.0857909285947361;...
      -0.0142183458625326 -0.0971608888612845 0.995167121802473 ];
  elseif strcmp( dataStr, '130607_raw' )
    coeff = [ 0.884412077283715 0.401504792654681 0.237926835455832;...
      -0.466242630342788 0.737364770743775 0.488785233530042;...
      0.0208107473614681 -0.543219197323973 0.839332959231886 ];
  elseif strcmp( dataStr, '131203_raw' )
    % TODO
%     coeff = [ 0.905800366278382 0.402797180184169 0.131453900990541;...
%       -0.413383931443832 0.90818839181611 0.0656320820522225;...
%       -0.0929484893583025 -0.113790494357614 0.989147259875828 ];
  end
else
  if strcmp( dataStr, '120830_raw' )
    coeff = [ 0.997120385178286 0.0647082448880423 -0.0395446646896435;...
      0.0150791641610204 0.341865650996122 0.939627849458073;...
      -0.0743206315239059 0.937518383666425 -0.33990546335324 ];
  elseif strcmp( dataStr, '121204_raw_2014' )
    coeff = [ 0.984893995668689 0.122067513399357 0.122814247822729;...
      -0.173123217355869 0.708445967092354 0.684202209381796;...
      -0.00348839620991117 -0.695128645563594 0.718876899899284 ];
  elseif strcmp( dataStr, '121211_raw' )
    coeff = [ 0.989971273959424 0.0788595148197921 0.117209443551034;...
       -0.141166607382149 0.583779522200185 0.799545782566538;...
       0.00537268046416379 0.808073416455529 -0.589057287470853 ];
  elseif strcmp( dataStr, '130508_raw' )
    coeff = [ 0.946509685601586 0.176515576902179 0.270114172477635;...
      -0.321002574777075 0.429963501139182 0.843853503088436;...
      -0.0328140526127832 0.885422858751132 -0.463626572957265 ];
  elseif strcmp( dataStr, '130607_raw' )
    coeff = [ 0.868382135610572 0.445865918981617 -0.217062315575737;...
      -0.495870653501749 0.785126174455504 -0.371064933914016;...
      0.00497609768500643 0.429860992037593 0.902881368717002 ];
  elseif strcmp( dataStr, '131203_raw' )
    % TODO
%     coeff = [ 0.894292590545816 0.444013727039919 0.055610904461024;...
%       -0.43949946414335 0.89489885307924 -0.0774355459409281;...
%       -0.0841485799794719 0.0448090722686952 0.99544520870305 ];
  end
end
