function coeff = getPrincipalComponents( dataStr )
% this function returns the principal components of all cells
% in the last time step; this is required in order to get a fixed
% viewing direction into the single time steps of a data set when
% generating a movie
% at the moment, these are set manually -> TODO: automatic approach
if strcmp( dataStr, '120830_raw' )
  coeff = [ 0.99976300676824 0.0205238293049119 0.00725966448194574;...
           -0.0217670572314842 0.947838696188248 0.318006291176202;...
           -0.000354284079343088 -0.318088947369796 0.948060808199541 ];
elseif strcmp( dataStr, '121204_raw_2014' )
  coeff = [ 0.991431867623273 -0.061435224559988 0.115276038465473;...
           -0.129500875490047 -0.346755948637578 0.928972462095494;...
            0.0170989797456047 0.935941250970229 0.35174081313368 ];
elseif strcmp( dataStr, '121211_raw' )
  coeff = [ 0.99103986699492 0.102493312133001 0.0856452158307693;...
           -0.133386434254972 0.792733056019302 0.594796066775026;...
           -0.0069311747515043 -0.600890524856487 0.799301279840249 ];
elseif strcmp( dataStr, '130508_raw' )
  coeff = [ 0.934882905666352 0.354408005764469 0.019721007654058;...
           -0.354892980491863 0.934321578175282 0.0330781038400407;...
           -0.00670261817812747 -0.037923001016562 0.999258185307209 ];
elseif strcmp( dataStr, '130607_raw' )
  coeff = [ 0.893139658694608 0.426715860177756 0.142179902727622;...
           -0.449779362081962 0.847534620190147 0.281750941478973;...
           -0.00027479450783497 -0.31559252565912 0.948894768789499 ];
elseif strcmp( dataStr, '131203_raw' )
  coeff = [ 0.905800366278382 0.402797180184169 0.131453900990541;...
           -0.413383931443832 0.90818839181611 0.0656320820522225;...
           -0.0929484893583025 -0.113790494357614 0.989147259875828 ];
end
