function coeff = getPrincipalComponents( dataStr, onlyMasterCellFile )
% this function returns the principal components of all cells
% in the last time step; this is required in order to get a fixed
% viewing direction into the single time steps of a data set when
% generating a movie
% at the moment, these are set manually -> TODO: automatic approach
if onlyMasterCellFile == 1
  if strcmp( dataStr, '120830_raw' )
    coeff = [ 0.999763797742445 0.0161663252057894 0.0145257926786802;...
      -0.021720108628154 0.766736987417335 0.64159381933383;...
      -0.00076524818492483 -0.641757775220161 0.766907016749544 ];
  elseif strcmp( dataStr, '121204_raw_2014' )
    coeff = [ 0.99085922161868 0.0546888058020231 0.123317222857038;...
      -0.12978117774287 0.137026378945616 0.982028827161773;...
      -0.0368082713109091 0.989056573706985 -0.142871428809617 ];
  elseif strcmp( dataStr, '121211_raw' )
    coeff = [ 0.991144954264202 -0.0495182614086333 0.123205606299712;...
      -0.131663811406105 -0.486787800640209 0.863540547926898;...
      -0.0172139595279818 0.872115576592309 0.488997035433175 ];
  elseif strcmp( dataStr, '130508_raw' )
    coeff = [ 0.928774619144688 0.364010855362609 0.069812635037093;...
      -0.370391949796662 0.918486603662906 0.138535780279346;...
      -0.0136934421701664 -0.154526554578693 0.98789373597142 ];
  elseif strcmp( dataStr, '130607_raw' )
    coeff = [ 0.893165621140082 0.366088543097657 0.261217058834385;...
      -0.449727491249708 0.727827609936355 0.517698902672757;...
      -0.000597350563309632 -0.579867354510467 0.814710681374276 ];
  elseif strcmp( dataStr, '131203_raw' )
    coeff = [ 0.905800366278382 0.402797180184169 0.131453900990541;...
      -0.413383931443832 0.90818839181611 0.0656320820522225;...
      -0.0929484893583025 -0.113790494357614 0.989147259875828 ];
  end
else
  if strcmp( dataStr, '120830_raw' )
    coeff = [ 0.996761474730374 0.0731185404522317 -0.0334700094930627;...
      0.0145813575216149 0.244976692217174 0.969419312930766;...
      -0.0790818974617909 0.966767862163647 -0.243117161429167 ];
  elseif strcmp( dataStr, '121204_raw_2014' )
    coeff = [ 0.986245214052009 -0.0945661970295428 0.135564051794261;...
      -0.165077469151613 -0.522078465936627 0.836769684312091;...
      0.00835505463810413 0.847638666994745 0.530508136862543 ];
  elseif strcmp( dataStr, '121211_raw' )
    coeff = [ 0.988576643210679 -0.0164877227822179 0.149814470248248;...
      -0.150623376474083 -0.143479884020952 0.97812377608403;...
      -0.00536832914910935 0.989515880559171 0.144324298589517 ];
  elseif strcmp( dataStr, '130508_raw' )
    coeff = [ 0.944378409405426 0.160325555053312 0.28713261090605;...
      -0.327894676576506 0.392172282325452 0.859468429931219;...
      -0.0251893017304297 0.90581268338023 -0.42292893221656 ];
  elseif strcmp( dataStr, '130607_raw' )
    coeff = [ 0.881373245552264 0.436527218478698 0.180624443395459;...
      -0.472047945527329 0.828949110419512 0.300023514841967;...
      -0.018760041260519 -0.349696096435106 0.936675344497736 ];
  elseif strcmp( dataStr, '131203_raw' )
    coeff = [ 0.894292590545816 0.444013727039919 0.055610904461024;...
      -0.43949946414335 0.89489885307924 -0.0774355459409281;...
      -0.0841485799794719 0.0448090722686952 0.99544520870305 ];
  end
end
